    <svg
      xmlns="http://www.w3.org/2000/svg"
      x="0px"
      y="0px"
      width="32"
      height="32"
      viewBox="0 0 32 32"
    >
      <path
        d="M 8.4433594 1 C 7.3223594 1 5.6160937 1.6036875 4.4960938 3.3046875 C 2.0680937 6.9906875 2.9769219 14.579563 3.1699219 15.976562 C 1.5249219 18.280563 0.859875 20.983828 1.546875 23.548828 C 2.244875 26.154828 4.1838594 28.2475 7.0058594 29.4375 C 7.6398594 29.7055 8.3062813 29.903453 8.9882812 30.064453 C 9.0372812 30.078453 9.0818594 30.098328 9.1308594 30.111328 C 9.1998594 30.130328 9.2786094 30.136297 9.3496094 30.154297 C 9.4466094 30.174297 9.542625 30.192937 9.640625 30.210938 C 10.450625 30.388938 11.304078 30.498047 12.205078 30.498047 C 13.496078 30.498047 14.855984 30.317078 16.208984 29.955078 C 19.135984 29.171078 21.504687 27.699469 22.929688 25.980469 C 25.345688 23.453469 26.480438 20.194844 25.648438 17.089844 C 25.230438 15.527844 24.343141 14.159641 23.119141 13.056641 C 22.461141 12.586641 21.643531 12.178656 20.769531 11.972656 C 20.231531 11.846656 19.898391 11.307531 20.025391 10.769531 C 20.151391 10.231531 20.691516 9.8943906 21.228516 10.025391 C 22.768516 10.388391 24.305938 11.280938 25.335938 12.335938 C 25.792938 12.286938 26.232094 12.225672 26.621094 12.138672 C 29.404094 11.522672 31 9.7428594 31 7.2558594 C 31 5.5408594 29.648734 2.9882813 25.927734 2.9882812 C 21.778734 2.9882812 19.040344 3.8927656 17.277344 4.6347656 C 18.084344 6.2587656 18.541453 8.15025 18.189453 9.78125 C 17.905453 11.09625 17.130219 12.063125 15.949219 12.578125 C 15.247219 12.884125 14.569781 13.013672 13.925781 13.013672 C 10.676781 13.013672 8.3055 9.7460781 8.1875 9.5800781 C 7.8675 9.1300781 7.971875 8.5065469 8.421875 8.1855469 C 8.870875 7.8645469 9.4925 7.9709688 9.8125 8.4179688 C 9.8615 8.4859687 12.409437 11.940141 15.148438 10.744141 C 15.731438 10.490141 16.087375 10.036422 16.234375 9.3574219 C 16.529375 7.9934219 15.919453 5.9469531 14.814453 4.3769531 C 14.806453 4.3659531 14.798063 4.3508437 14.789062 4.3398438 C 14.754062 4.2928438 14.712781 4.2384531 14.675781 4.1894531 C 14.540781 4.0094531 14.404813 3.8339219 14.257812 3.6699219 C 14.250813 3.6619219 14.249188 3.6525312 14.242188 3.6445312 C 13.247187 2.4405313 11.635359 1 8.4433594 1 z M 16.550781 19.304688 C 19.488109 19.20025 21.876922 20.147219 22.326172 21.824219 C 22.572172 22.743219 22.196719 23.762609 21.386719 24.724609 C 19.944719 26.181609 17.971391 27.354563 15.650391 27.976562 C 13.606391 28.524562 11.534437 28.586734 9.6484375 28.177734 C 8.1094375 27.753734 7.1156562 26.970703 6.8476562 25.970703 C 6.2486562 23.734703 9.2864219 20.895484 13.482422 19.771484 C 14.531422 19.490984 15.571672 19.3395 16.550781 19.304688 z M 20 21 A 1 1.5 0 0 0 20 24 A 1 1.5 0 0 0 20 21 z M 9.9804688 23 C 9.4394687 23 9 23.672 9 24.5 C 9 25.328 9.4394687 26 9.9804688 26 C 10.521469 26 10.960938 25.328 10.960938 24.5 C 10.960938 23.672 10.521469 23 9.9804688 23 z M 15.912109 25.007812 C 15.787078 24.995109 15.653125 24.999188 15.515625 25.023438 C 14.965625 25.119438 14.571719 25.495328 14.636719 25.861328 C 14.699719 26.227328 15.196094 26.446609 15.746094 26.349609 C 16.296094 26.253609 16.690953 25.877719 16.626953 25.511719 C 16.578953 25.237219 16.287203 25.045922 15.912109 25.007812 z"
        fill=" #2563EB"
      />
    </svg>